object={
	name="tree_savanna_generator_1_0"
	clamp_to_water_level=no
	render_under_water=no
	generated_content=yes
	layer="tree_layer"
	pdxmesh="tree_acacia_01_mesh"
	count=2
	transform="3286.848145 0.000000 992.013550 0.000000 0.572848 0.000000 0.819662 0.552734 0.552734 0.552734
3270.592529 0.000000 994.696350 0.000000 0.004320 0.000000 0.999991 0.443346 0.443346 0.443346
"}
object={
	name="tree_savanna_generator_1_1"
	clamp_to_water_level=no
	render_under_water=no
	generated_content=yes
	layer="tree_layer"
	pdxmesh="tree_acacia_02_mesh"
	count=3
	transform="3261.663574 0.000000 996.340942 0.000000 0.793637 0.000000 -0.608392 0.848643 0.848643 0.848643
3264.352783 0.000000 999.686035 0.000000 0.456255 0.000000 -0.889849 0.975228 0.975228 0.975228
3280.917725 0.000000 997.816956 0.000000 0.789356 0.000000 0.613936 0.620966 0.620966 0.620966
"}
object={
	name="tree_savanna_generator_1_2"
	clamp_to_water_level=no
	render_under_water=no
	generated_content=yes
	layer="tree_layer"
	pdxmesh="tree_acacia_03_mesh"
	count=5
	transform="3255.048584 0.000000 997.119019 0.000000 0.705721 0.000000 -0.708490 0.889096 0.889096 0.889096
3256.962402 0.000000 992.033386 0.000000 0.859471 0.000000 0.511185 0.659128 0.659128 0.659128
3292.280762 0.000000 995.095459 0.000000 0.783938 0.000000 -0.620839 0.884133 0.884133 0.884133
3283.354736 0.000000 997.883606 0.000000 0.782490 0.000000 -0.622663 0.857415 0.857415 0.857415
3282.427979 0.000000 993.296204 0.000000 0.317491 0.000000 0.948261 0.546397 0.546397 0.546397
"}
object={
	name="tree_savanna_generator_1_3"
	clamp_to_water_level=no
	render_under_water=no
	generated_content=yes
	layer="tree_layer"
	pdxmesh="tree_acacia_04_mesh"
	count=2
	transform="3252.796631 0.000000 995.896851 0.000000 0.694811 0.000000 -0.719193 0.906674 0.906674 0.906674
3282.223145 0.000000 996.622986 0.000000 0.867848 0.000000 0.496829 0.666908 0.666908 0.666908
"}
object={
	name="tree_savanna_generator_1_4"
	clamp_to_water_level=no
	render_under_water=no
	generated_content=yes
	layer="tree_layer"
	pdxmesh="tree_acacia_05_mesh"
	count=3
	transform="3258.422363 0.000000 999.122498 0.000000 0.065887 0.000000 0.997827 0.478231 0.478231 0.478231
3258.461182 0.000000 1001.171143 0.000000 0.994685 0.000000 -0.102961 0.762949 0.762949 0.762949
3281.904541 0.000000 994.971985 0.000000 0.858135 0.000000 0.513424 0.642635 0.642635 0.642635
"}
object={
	name="tree_savanna_generator_1_5"
	clamp_to_water_level=no
	render_under_water=no
	generated_content=yes
	layer="tree_layer"
	pdxmesh="tree_acacia_06_mesh"
	count=4
	transform="3260.284668 0.000000 995.095459 0.000000 0.984805 0.000000 0.173663 0.716517 0.716517 0.716517
3262.987793 0.000000 997.799072 0.000000 0.744978 0.000000 0.667089 0.622626 0.622626 0.622626
3258.634766 0.000000 995.559326 0.000000 0.526631 0.000000 0.850094 0.596739 0.596739 0.596739
3276.730469 0.000000 997.218567 0.000000 0.079816 0.000000 0.996810 0.494990 0.494990 0.494990
"}
object={
	name="tree_savanna_generator_1_6"
	clamp_to_water_level=no
	render_under_water=no
	generated_content=yes
	layer="tree_layer"
	pdxmesh="tree_baobab_01_mesh"
	count=7
	transform="3257.049072 0.000000 998.198059 0.000000 0.999072 0.000000 0.043060 0.743818 0.743818 0.743818
3259.374023 0.000000 1000.401489 0.000000 0.015904 0.000000 0.999874 0.554791 0.554791 0.554791
3257.072754 0.000000 999.620300 0.000000 0.977887 0.000000 -0.209136 0.780239 0.780239 0.780239
3272.991455 0.000000 996.171570 0.000000 0.950358 0.000000 -0.311160 0.815318 0.815318 0.815318
3289.387695 0.000000 996.585205 0.000000 0.364806 0.000000 0.931084 0.509548 0.509548 0.509548
3264.570312 0.000000 994.849304 0.000000 0.396619 0.000000 -0.917983 0.977009 0.977009 0.977009
3263.830811 0.000000 996.593384 0.000000 0.889776 0.000000 0.456398 0.667337 0.667337 0.667337
"}
object={
	name="tree_savanna_generator_1_7"
	clamp_to_water_level=no
	render_under_water=no
	generated_content=yes
	layer="tree_layer"
	pdxmesh="tree_baobab_02_mesh"
	count=3
	transform="3271.428223 0.000000 991.827637 0.000000 0.975294 0.000000 0.220910 0.702892 0.702892 0.702892
3287.044678 0.000000 997.119019 0.000000 0.995203 0.000000 -0.097834 0.768137 0.768137 0.768137
3263.752197 0.000000 998.223206 0.000000 0.816219 0.000000 -0.577743 0.840479 0.840479 0.840479
"}
object={
	name="tree_savanna_generator_1_8"
	clamp_to_water_level=no
	render_under_water=no
	generated_content=yes
	layer="tree_layer"
	pdxmesh="tree_baobab_03_mesh"
	count=2
	transform="3287.714111 0.000000 999.398315 0.000000 0.995396 0.000000 0.095853 0.731477 0.731477 0.731477
3287.283936 0.000000 994.765442 0.000000 0.990710 0.000000 0.135995 0.723218 0.723218 0.723218
"}
object={
	name="tree_savanna_generator_1_9"
	clamp_to_water_level=no
	render_under_water=no
	generated_content=yes
	layer="tree_layer"
	pdxmesh="tree_acacia_07_mesh"
	count=1
	transform="3259.351807 0.000000 993.786438 0.000000 0.161654 0.000000 0.986848 0.522545 0.522545 0.522545
"}
