object={
	name="tree_palm_generator_1_0"
	clamp_to_water_level=no
	render_under_water=no
	generated_content=yes
	layer="tree_layer"
	pdxmesh="tree_palm_mesh"
	count=87
	transform="3262.363525 0.000000 990.139343 0.000000 0.959170 0.000000 -0.282829 0.808871 0.808871 0.808871
3259.132324 0.000000 992.133911 0.000000 0.746947 0.000000 0.664883 0.609250 0.609250 0.609250
3261.243896 0.000000 999.235779 0.000000 0.882646 0.000000 -0.470039 0.852664 0.852664 0.852664
3257.391602 0.000000 996.585205 0.000000 0.337671 0.000000 -0.941264 1.007983 1.007983 1.007983
3259.186279 0.000000 1002.140869 0.000000 0.155756 0.000000 -0.987795 1.011789 1.011789 1.011789
3255.718018 0.000000 999.398315 0.000000 0.460383 0.000000 0.887720 0.531248 0.531248 0.531248
3257.654785 0.000000 994.117188 0.000000 0.965093 0.000000 0.261906 0.702441 0.702441 0.702441
3257.253662 0.000000 1001.017822 0.000000 0.995839 0.000000 -0.091127 0.767197 0.767197 0.767197
3259.274414 0.000000 1003.939941 0.000000 0.985484 0.000000 -0.169766 0.781575 0.781575 0.781575
3283.445801 0.000000 990.275818 0.000000 0.986952 0.000000 -0.161017 0.784293 0.784293 0.784293
3263.665527 0.000000 989.926514 0.000000 0.801615 0.000000 0.597841 0.617716 0.617716 0.617716
3277.785400 0.000000 995.590149 0.000000 0.233898 0.000000 0.972261 0.472972 0.472972 0.472972
3281.463623 0.000000 991.880554 0.000000 0.999720 0.000000 0.023681 0.745044 0.745044 0.745044
3284.313721 0.000000 1000.114075 0.000000 0.940645 0.000000 0.339391 0.678518 0.678518 0.678518
3275.642334 0.000000 998.950256 0.000000 0.997716 0.000000 0.067549 0.736577 0.736577 0.736577
3268.439941 0.000000 999.026123 0.000000 0.483042 0.000000 -0.875597 0.968399 0.968399 0.968399
3284.215332 0.000000 993.081726 0.000000 0.436255 0.000000 -0.899823 0.972900 0.972900 0.972900
3270.963867 0.000000 998.043884 0.000000 0.806720 0.000000 0.590934 0.630143 0.630143 0.630143
3278.341064 0.000000 998.230286 0.000000 0.282781 0.000000 -0.959184 0.999934 0.999934 0.999934
3273.249268 0.000000 998.760742 0.000000 0.377801 0.000000 -0.925887 0.985647 0.985647 0.985647
3279.810059 0.000000 994.266174 0.000000 0.002268 0.000000 0.999997 0.443825 0.443825 0.443825
3285.689941 0.000000 998.621155 0.000000 0.967035 0.000000 0.254643 0.706104 0.706104 0.706104
3266.679688 0.000000 998.710693 0.000000 0.983695 0.000000 0.179846 0.718359 0.718359 0.718359
5101.538574 0.000000 500.349701 0.000000 0.730766 0.000000 0.682629 0.592785 0.592785 0.592785
5101.128906 0.000000 511.549835 0.000000 0.798358 0.000000 0.602183 0.615870 0.615870 0.615870
4374.454590 0.000000 729.784485 0.000000 0.188698 0.000000 0.982035 0.457942 0.457942 0.457942
4366.729004 0.000000 731.085938 0.000000 0.044496 0.000000 -0.999010 1.071935 1.071935 1.071935
4368.053223 0.000000 733.876709 0.000000 0.612625 0.000000 0.790373 0.570044 0.570044 0.570044
4369.751953 0.000000 732.377869 0.000000 0.892889 0.000000 -0.450277 0.842222 0.842222 0.842222
4384.453125 0.000000 725.333801 0.000000 0.107533 0.000000 0.994202 0.445511 0.445511 0.445511
4402.067871 0.000000 726.786926 0.000000 0.999134 0.000000 -0.041609 0.758873 0.758873 0.758873
4403.309082 0.000000 734.338318 0.000000 0.559696 0.000000 0.828698 0.543423 0.543423 0.543423
4392.143066 0.000000 726.304504 0.000000 0.694321 0.000000 0.719666 0.580107 0.580107 0.580107
4398.725098 0.000000 731.085938 0.000000 0.760183 0.000000 0.649709 0.603613 0.603613 0.603613
4361.952148 0.000000 765.343445 0.000000 0.903167 0.000000 0.429288 0.658903 0.658903 0.658903
4362.956055 0.000000 751.536255 0.000000 0.888905 0.000000 -0.458091 0.850903 0.850903 0.850903
4365.652832 0.000000 739.652649 0.000000 0.550762 0.000000 0.834662 0.539487 0.539487 0.539487
4368.426758 0.000000 746.305725 0.000000 0.607404 0.000000 -0.794393 0.941054 0.941054 0.941054
4360.146973 0.000000 758.296692 0.000000 0.377984 0.000000 -0.925812 0.998900 0.998900 0.998900
4365.628418 0.000000 756.287170 0.000000 0.538963 0.000000 -0.842330 0.953949 0.953949 0.953949
4367.153809 0.000000 750.419678 0.000000 0.832472 0.000000 0.554067 0.634052 0.634052 0.634052
4362.882324 0.000000 761.383789 0.000000 0.774305 0.000000 -0.632813 0.890674 0.890674 0.890674
4365.948730 0.000000 759.731934 0.000000 0.779804 0.000000 -0.626024 0.888880 0.888880 0.888880
4366.699707 0.000000 753.420654 0.000000 0.873668 0.000000 -0.486523 0.852892 0.852892 0.852892
4363.231445 0.000000 758.174377 0.000000 0.091967 0.000000 0.995762 0.447239 0.447239 0.447239
4407.604492 0.000000 746.791992 0.000000 0.207444 0.000000 -0.978247 1.036483 1.036483 1.036483
4409.251465 0.000000 740.647705 0.000000 0.640247 0.000000 0.768170 0.567201 0.567201 0.567201
4407.577637 0.000000 743.460815 0.000000 0.935412 0.000000 -0.353558 0.822366 0.822366 0.822366
4416.449219 0.000000 757.325989 0.000000 0.537435 0.000000 0.843305 0.536664 0.536664 0.536664
4434.063965 0.000000 758.779114 0.000000 0.052281 0.000000 -0.998632 1.071997 1.071997 1.071997
4423.486328 0.000000 744.717529 0.000000 0.832282 0.000000 0.554352 0.625732 0.625732 0.625732
4435.023438 0.000000 752.255371 0.000000 0.765863 0.000000 0.643004 0.603078 0.603078 0.603078
4430.721191 0.000000 763.078125 0.000000 0.604933 0.000000 0.796276 0.558299 0.558299 0.558299
4429.620605 0.000000 756.287170 0.000000 0.947521 0.000000 0.319695 0.682094 0.682094 0.682094
4427.686523 0.000000 746.903503 0.000000 0.996339 0.000000 -0.085485 0.767092 0.767092 0.767092
4431.145996 0.000000 750.419678 0.000000 0.993683 0.000000 0.112223 0.726532 0.726532 0.726532
4422.851074 0.000000 749.039917 0.000000 0.559283 0.000000 -0.828977 0.955036 0.955036 0.955036
4425.655273 0.000000 748.971680 0.000000 0.809808 0.000000 0.586695 0.626207 0.626207 0.626207
4424.376465 0.000000 747.014221 0.000000 0.900284 0.000000 -0.435302 0.839177 0.839177 0.839177
4359.494141 0.000000 776.709717 0.000000 0.008671 0.000000 -0.999962 1.082127 1.082127 1.082127
4359.295410 0.000000 767.882324 0.000000 0.101816 0.000000 -0.994803 1.063111 1.063111 1.063111
4358.858887 0.000000 781.032104 0.000000 0.132005 0.000000 0.991249 0.455489 0.455489 0.455489
4356.201172 0.000000 791.057983 0.000000 0.773041 0.000000 0.634355 0.609302 0.609302 0.609302
4426.948242 0.000000 783.528442 0.000000 0.192959 0.000000 0.981207 0.459634 0.459634 0.459634
4429.645020 0.000000 771.644836 0.000000 0.729371 0.000000 0.684119 0.594897 0.594897 0.594897
4422.193359 0.000000 785.796387 0.000000 0.624787 0.000000 -0.780796 0.937468 0.937468 0.937468
4431.145996 0.000000 782.411865 0.000000 0.969149 0.000000 -0.246477 0.801271 0.801271 0.801271
4420.193359 0.000000 791.057983 0.000000 0.884804 0.000000 -0.465964 0.850335 0.850335 0.850335
4427.501953 0.000000 775.004944 0.000000 0.944981 0.000000 0.327124 0.681579 0.681579 0.681579
4425.896484 0.000000 787.126526 0.000000 0.616303 0.000000 0.787509 0.563324 0.563324 0.563324
4429.839844 0.000000 776.728577 0.000000 0.989292 0.000000 0.145951 0.720339 0.720339 0.720339
4428.593262 0.000000 781.489441 0.000000 0.270409 0.000000 0.962745 0.487360 0.487360 0.487360
4417.733398 0.000000 799.967041 0.000000 0.577232 0.000000 -0.816580 0.947239 0.947239 0.947239
5081.374512 0.000000 530.353943 0.000000 0.625688 0.000000 -0.780073 0.939739 0.939739 0.939739
5085.021484 0.000000 519.352966 0.000000 0.735595 0.000000 -0.677422 0.907819 0.907819 0.907819
5087.208984 0.000000 529.282043 0.000000 0.689996 0.000000 0.723813 0.591569 0.591569 0.591569
5086.447754 0.000000 522.040222 0.000000 0.859501 0.000000 -0.511133 0.858944 0.858944 0.858944
5086.133789 0.000000 527.363831 0.000000 0.745379 0.000000 0.666641 0.608794 0.608794 0.608794
5101.562988 0.000000 515.707336 0.000000 0.981757 0.000000 0.190138 0.710079 0.710079 0.710079
5095.404297 0.000000 520.772217 0.000000 0.999106 0.000000 0.042276 0.741342 0.741342 0.741342
5096.769043 0.000000 516.288757 0.000000 0.582993 0.000000 0.812477 0.551025 0.551025 0.551025
5087.504883 0.000000 524.128784 0.000000 0.398165 0.000000 0.917314 0.516796 0.516796 0.516796
5098.833496 0.000000 513.055420 0.000000 0.224115 0.000000 0.974563 0.470130 0.470130 0.470130
5088.508789 0.000000 529.660461 0.000000 0.321019 0.000000 0.947073 0.505078 0.505078 0.505078
5087.526367 0.000000 527.126099 0.000000 0.531213 0.000000 -0.847238 0.945597 0.945597 0.945597
5091.384766 0.000000 529.095825 0.000000 0.575483 0.000000 -0.817814 0.940688 0.940688 0.940688
5089.814453 0.000000 524.409241 0.000000 0.103169 0.000000 -0.994664 1.041389 1.041389 1.041389
"}
